Chr	Locus	child_GT	parents1_GT	parents2_GT	Confidence
chr15	21173525	0|1	0|0	0|0	1
chr15	22659065	0|1	0|0	0|0	0
chr15	23573074	0/1	0|0	0|0	0
chr15	25609792	0/1	0|0	0|0	0
chr15	25841367	0/1	0|0	0|0	0
chr15	26977166	0/1	0|0	0|0	0
chr15	27700996	0/1	0|0	0|0	0
chr15	28094057	0/1	0|0	0|0	0
chr15	32590720	1|0	0|0	0|0	0
chr15	33183990	0|1	0|0	0|0	1
chr15	50953965	1|0	0|0	0|0	1
chr15	51248561	0|1	0|0	0|0	1
chr15	52560491	0/1	0|0	0|0	0
chr15	58149075	1|0	0|0	0|0	1
chr15	58669774	0|1	0|0	0|0	1
chr15	60813433	0/1	0|0	0|0	0
chr15	63727259	0/1	0|0	0|0	0
chr15	64217272	0/1	0|0	0|0	0
chr15	70904630	0/1	0|0	0|0	0
chr15	74327590	0/1	0|0	0|0	0
chr15	74880589	1|0	0|0	0|0	1
chr15	76481707	0/1	0|0	0|0	0
chr15	80743984	0/1	0|0	0|0	0
chr15	83299364	0|1	0|0	0|0	0
chr15	83299956	0|1	0|0	0|0	0
chr15	83305550	0|1	0|0	0|0	0
chr15	83307063	0|1	0|0	0|0	0
chr15	83319622	0|1	0|0	0|0	0
chr15	83323255	0|1	0|0	0|0	0
chr15	83336872	0|1	0|0	0|0	0
chr15	83358339	0|1	0|0	0|0	0
chr15	83361080	0|1	0|0	0|0	0
chr15	83386567	0|1	0|0	0|0	0
chr15	83389209	0|1	0|0	0|0	1
chr15	83450721	0|1	0|0	0|0	0
chr15	83457052	0|1	0|0	0|0	0
chr15	85056658	1|0	0|0	0|0	0
chr15	85715561	0|1	0|0	0|0	1
chr15	87791919	1|0	0|0	0|0	1
chr15	98887977	0/1	0|0	0|0	0
chr15	99175976	0|1	0|0	0|0	1
chr15	100078310	0/1	0|0	0|0	0
chr15	100884734	0/1	0|0	0|0	0
